1 0.0883829943054191 0.0893485760678023 0.115976091512922 -0.112465541598608 0.106723411644789 -0.0372744372370271 0.0434072120248163 -0.0614399803494568 -0.183624319792275 -0.0616860879588599 -0.0783318537485033 -0.0978093702406587 0.00718250172866653 -0.10907835692902 -0.146598316115352 0.170518620086536 0.026754611541535 0.0658197840789926 -0.10887386824732 -0.166671840158535 -0.0836560508235816 0.0866979794610472 -0.0869905593565707 -0.0364693997289471 -0.0543414896731077 -0.0159094926845918
0.0883829943054191 1 0.0548015022213409 0.171560362423552 0.0150805177806198 0.0510269443865865 0.0281734285951954 -0.162015804771877 0.0995676013433307 -0.0873988918729992 0.064585196883818 -0.26235651788565 -0.0139228065907188 0.069431093039789 0.135382757975437 -0.00423975717981757 0.174819984229325 -0.0357278368084118 -0.10981451890767 -0.0234998159236436 0.0136476987777792 0.0604916744316185 0.0413224203595772 -0.00190031279806596 0.155233708349473 -0.123641216114532 0.0271820648320228
0.0893485760678023 0.0548015022213409 1 -0.102453058301388 0.166964896946826 -0.0403937313158824 -0.0280237277547017 0.109292346568911 0.0758106012806362 -0.118618949339962 0.383135411779214 0.0661535019882304 -0.0315598928806312 0.0590801191540962 -0.166781444032449 0.056299015300298 -0.00411883070484417 0.17270347437119 -0.00718392459893588 0.0555688531611428 0.115810384674652 0.286730750052317 0.0837404270680704 0.0950829251990264 0.15500869043402 -0.0327285541095865 -0.051633223314955
0.115976091512922 0.171560362423552 -0.102453058301388 1 0.142977957406016 0.207390805521057 0.071303736008093 -0.0679196128406277 0.230516338114057 -0.155448691309844 -0.00211316309017043 0.0189059192328751 0.0221582864596316 0.0866126985673999 -0.0790398222732164 -0.152335372258128 -0.168917138476169 0.0441303313272832 0.104316721815889 -0.359150869682145 -0.253764065030849 -0.173378394302131 -0.0733305787008061 0.120875529752821 0.0385863826017727 -0.173459512203616 -0.0875294812299065
-0.112465541598608 0.0150805177806198 0.166964896946826 0.142977957406016 1 -0.00883901879867947 0.0219640477535117 0.223045210338687 -0.0480872839482101 -0.0587692202439265 0.0529687383097353 0.0864502584038197 0.207049310230906 0.10099209343528 0.00766746644183106 -0.108046382299397 0.00395577959481932 0.0655124382885428 0.0850466454331835 -0.136621431703529 0.151660106696838 0.0700302387371198 0.0960813399509975 0.147565925328197 -0.0440369777473673 0.0853767035030425 -0.0825830695625928
0.106723411644789 0.0510269443865865 -0.0403937313158824 0.207390805521057 -0.00883901879867947 1 -0.094077616486033 0.136653515249688 0.0700133214517517 -0.147180245440412 0.0104193955965272 -0.01935385873451 0.0451988157335099 0.105033435074412 0.140346987792305 -0.0744247403135366 0.057052489223817 0.211924661318973 0.103246721548681 -0.199435525034767 -0.109297596881806 -0.0803751330721443 0.0738499778737897 0.013910514160789 -0.117786072540579 -0.300615976434668 0.0770816448583331
-0.0372744372370271 0.0281734285951954 -0.0280237277547017 0.071303736008093 0.0219640477535117 -0.094077616486033 1 -0.183078370729158 -0.333768066610033 0.311139005397978 0.0333999783702862 -0.0659472057740841 -0.111306248613494 0.155946319412767 0.172592008707457 -0.0264839858043521 0.0403334673027425 -0.129469575232503 0.0654055257649214 -0.176869963935657 0.26244954735872 -0.0103804121581309 -0.0859443094502031 -0.0140511248538983 0.0372277001811856 -0.0789949822736474 0.167916346428779
0.0434072120248163 -0.162015804771877 0.109292346568911 -0.0679196128406277 0.223045210338687 0.136653515249688 -0.183078370729158 1 0.18730980903916 -0.240125903387815 -0.0423668266161466 0.0442118396982912 0.00814902866420609 -0.104102670269413 -0.125187724152359 -0.0834389577285292 -0.0805571396844687 -0.054720623936359 -0.0423189381217372 0.0295085676691223 0.0407024929705149 -0.1143812421222 -0.0884336385584893 -0.0948693417486123 -0.0714829440633508 -0.126974587615134 -0.174086792319968
-0.0614399803494568 0.0995676013433307 0.0758106012806362 0.230516338114057 -0.0480872839482101 0.0700133214517517 -0.333768066610033 0.18730980903916 1 -0.0434419244088779 -0.00912848662643477 0.149658302494374 0.137852895445885 -0.0797305666442327 0.121667479934203 0.0637327175758939 0.0137932575185978 0.128530229513199 0.0382784002704025 -0.0618791986354044 -0.0567992317018725 -0.0374831777516486 0.0283954362797565 -0.124082604592409 0.149773765216689 0.107450266641225 0.0847515323505102
-0.183624319792275 -0.0873988918729992 -0.118618949339962 -0.155448691309844 -0.0587692202439265 -0.147180245440412 0.311139005397978 -0.240125903387815 -0.0434419244088779 1 0.145955925782601 -0.17538462175929 -0.0259946642195612 -0.0265917616580788 0.187952851994234 0.0150543120466231 -0.134519587883177 -0.152507814776234 -0.102491239144952 -0.0193203258167828 0.473394061755277 0.017780500781126 -0.0236259587648366 -0.0165084905582256 0.00807988469468992 0.117829139271816 0.202300962000516
-0.0616860879588599 0.064585196883818 0.383135411779214 -0.00211316309017043 0.0529687383097353 0.0104193955965272 0.0333999783702862 -0.0423668266161466 -0.00912848662643477 0.145955925782601 1 0.0840131841928615 -0.0544295953295326 -0.180999970510675 -0.21177853559117 -0.0965951788075648 -0.0353008126163519 0.117676294385298 -0.158795611400577 0.0504308253720747 -0.0632921374987456 0.738262370951139 0.161498062066366 0.0175464683329335 0.00375890800228432 0.0254951717347371 0.0189452651437697
-0.0783318537485033 -0.26235651788565 0.0661535019882304 0.0189059192328751 0.0864502584038197 -0.01935385873451 -0.0659472057740841 0.0442118396982912 0.149658302494374 -0.17538462175929 0.0840131841928615 1 0.255648144516939 -0.0382951636591451 -0.224340173797358 0.09026603272308 0.141268716242114 0.273725607933446 0.0441794227114256 0.179718500016929 -0.239764771514552 0.103154604323256 0.251935048482782 -0.137255601068211 -0.200122391150755 -0.0400262928285333 -0.0698503323191549
-0.0978093702406587 -0.0139228065907188 -0.0315598928806312 0.0221582864596316 0.207049310230906 0.0451988157335099 -0.111306248613494 0.00814902866420609 0.137852895445885 -0.0259946642195612 -0.0544295953295326 0.255648144516939 1 0.488743499546861 0.397362638708097 0.141395900226572 0.449041283563036 0.68389871906782 0.426243356960903 0.0938395366078713 -0.050200446383817 -0.016261778086442 0.730141580950202 0.277867724358931 0.00476038267242339 0.118911898508668 0.258353726187569
0.00718250172866653 0.069431093039789 0.0590801191540962 0.0866126985673999 0.10099209343528 0.105033435074412 0.155946319412767 -0.104102670269413 -0.0797305666442327 -0.0265917616580788 -0.180999970510675 -0.0382951636591451 0.488743499546861 1 0.538307768686625 0.175645331732486 0.256060020108567 0.395463554526025 0.225160432018006 -0.00132978318515694 -0.0238327106250639 -0.0681935059432395 0.381065733964098 0.227404834501342 0.327562154971163 0.126541273125952 0.424641473099195
-0.10907835692902 0.135382757975437 -0.166781444032449 -0.0790398222732164 0.00766746644183106 0.140346987792305 0.172592008707457 -0.125187724152359 0.121667479934203 0.187952851994234 -0.21177853559117 -0.224340173797358 0.397362638708097 0.538307768686625 1 0.0968044939489372 0.4191909437014 0.296081365081207 0.120031478229618 0.0396218667997924 0.194916533356621 -0.114388604289434 0.354231587031865 0.135359631232189 0.272787638975031 0.167263297588201 0.760447463478826
-0.146598316115352 -0.00423975717981757 0.056299015300298 -0.152335372258128 -0.108046382299397 -0.0744247403135366 -0.0264839858043521 -0.0834389577285292 0.0637327175758939 0.0150543120466231 -0.0965951788075648 0.09026603272308 0.141395900226572 0.175645331732486 0.0968044939489372 1 0.352015934678661 0.20928154883174 -0.0719759713359445 0.428676519048296 0.0319794668090353 0.0936378519668191 0.26685430866048 0.018275926184129 0.174173714479715 -0.013127608521027 0.0882886975416558
0.170518620086536 0.174819984229325 -0.00411883070484417 -0.168917138476169 0.00395577959481932 0.057052489223817 0.0403334673027425 -0.0805571396844687 0.0137932575185978 -0.134519587883177 -0.0353008126163519 0.141268716242114 0.449041283563036 0.256060020108567 0.4191909437014 0.352015934678661 1 0.47467352871679 0.310988385355895 0.229814985622832 -0.143533920656303 0.0882057090752963 0.612483878186712 0.240266631934934 0.173802900769075 0.0916073232392598 0.264164234714684
0.026754611541535 -0.0357278368084118 0.17270347437119 0.0441303313272832 0.0655124382885428 0.211924661318973 -0.129469575232503 -0.054720623936359 0.128530229513199 -0.152507814776234 0.117676294385298 0.273725607933446 0.68389871906782 0.395463554526025 0.296081365081207 0.20928154883174 0.47467352871679 1 0.33788506321472 0.119550802870854 -0.0726539571096163 0.116965669903722 0.763192109634354 0.189599446794617 0.0425491679085918 -0.0182077672883261 0.288559349396882
0.0658197840789926 -0.10981451890767 -0.00718392459893588 0.104316721815889 0.0850466454331835 0.103246721548681 0.0654055257649214 -0.0423189381217372 0.0382784002704025 -0.102491239144952 -0.158795611400577 0.0441794227114256 0.426243356960903 0.225160432018006 0.120031478229618 -0.0719759713359445 0.310988385355895 0.33788506321472 1 -0.181561886405266 -0.038904421989201 -0.0788658822393229 0.388973178053692 0.229739481309593 0.195865532110787 0.230918273478501 0.0870045793345095
-0.10887386824732 -0.0234998159236436 0.0555688531611428 -0.359150869682145 -0.136621431703529 -0.199435525034767 -0.176869963935657 0.0295085676691223 -0.0618791986354044 -0.0193203258167828 0.0504308253720747 0.179718500016929 0.0938395366078713 -0.00132978318515694 0.0396218667997924 0.428676519048296 0.229814985622832 0.119550802870854 -0.181561886405266 1 0.092660145181246 0.223026270094049 0.257096921490099 0.0462969617251135 -0.00886698874711215 0.0175972074643119 0.0997331754468688
-0.166671840158535 0.0136476987777792 0.115810384674652 -0.253764065030849 0.151660106696838 -0.109297596881806 0.26244954735872 0.0407024929705149 -0.0567992317018725 0.473394061755277 -0.0632921374987456 -0.239764771514552 -0.050200446383817 -0.0238327106250639 0.194916533356621 0.0319794668090353 -0.143533920656303 -0.0726539571096163 -0.038904421989201 0.092660145181246 1 -0.0100574254996898 -0.048709605127244 0.0956451534247505 0.193490399761075 0.16282548625359 0.168541350054689
-0.0836560508235816 0.0604916744316185 0.286730750052317 -0.173378394302131 0.0700302387371198 -0.0803751330721443 -0.0103804121581309 -0.1143812421222 -0.0374831777516486 0.017780500781126 0.738262370951139 0.103154604323256 -0.016261778086442 -0.0681935059432395 -0.114388604289434 0.0936378519668191 0.0882057090752963 0.116965669903722 -0.0788658822393229 0.223026270094049 -0.0100574254996898 1 0.168509643198426 0.0252723094136449 -0.00771213270789011 0.0859058533415308 0.0702721549674238
0.0866979794610472 0.0413224203595772 0.0837404270680704 -0.0733305787008061 0.0960813399509975 0.0738499778737897 -0.0859443094502031 -0.0884336385584893 0.0283954362797565 -0.0236259587648366 0.161498062066366 0.251935048482782 0.730141580950202 0.381065733964098 0.354231587031865 0.26685430866048 0.612483878186712 0.763192109634354 0.388973178053692 0.257096921490099 -0.048709605127244 0.168509643198426 1 0.21151886035821 0.163560839078917 0.177010396595889 0.397253670202976
-0.0869905593565707 -0.00190031279806596 0.0950829251990264 0.120875529752821 0.147565925328197 0.013910514160789 -0.0140511248538983 -0.0948693417486123 -0.124082604592409 -0.0165084905582256 0.0175464683329335 -0.137255601068211 0.277867724358931 0.227404834501342 0.135359631232189 0.018275926184129 0.240266631934934 0.189599446794617 0.229739481309593 0.0462969617251135 0.0956451534247505 0.0252723094136449 0.21151886035821 1 0.118570954465264 0.0721286157897502 0.0508030760842373
-0.0364693997289471 0.155233708349473 0.15500869043402 0.0385863826017727 -0.0440369777473673 -0.117786072540579 0.0372277001811856 -0.0714829440633508 0.149773765216689 0.00807988469468992 0.00375890800228432 -0.200122391150755 0.00476038267242339 0.327562154971163 0.272787638975031 0.174173714479715 0.173802900769075 0.0425491679085918 0.195865532110787 -0.00886698874711215 0.193490399761075 -0.00771213270789011 0.163560839078917 0.118570954465264 1 0.408781036296803 0.417975152391668
-0.0543414896731077 -0.123641216114532 -0.0327285541095865 -0.173459512203616 0.0853767035030425 -0.300615976434668 -0.0789949822736474 -0.126974587615134 0.107450266641225 0.117829139271816 0.0254951717347371 -0.0400262928285333 0.118911898508668 0.126541273125952 0.167263297588201 -0.013127608521027 0.0916073232392598 -0.0182077672883261 0.230918273478501 0.0175972074643119 0.16282548625359 0.0859058533415308 0.177010396595889 0.0721286157897502 0.408781036296803 1 0.236839713173302
-0.0159094926845918 0.0271820648320228 -0.051633223314955 -0.0875294812299065 -0.0825830695625928 0.0770816448583331 0.167916346428779 -0.174086792319968 0.0847515323505102 0.202300962000516 0.0189452651437697 -0.0698503323191549 0.258353726187569 0.424641473099195 0.760447463478826 0.0882886975416558 0.264164234714684 0.288559349396882 0.0870045793345095 0.0997331754468688 0.168541350054689 0.0702721549674238 0.397253670202976 0.0508030760842373 0.417975152391668 0.236839713173302 1
